              precision    recall  f1-score   support

      alpaca      0.969     1.000     0.984        62
    anteater      0.983     0.966     0.974        59
   armadillo      1.000     1.000     1.000        70
      baboon      1.000     1.000     1.000        64
      badger      0.953     1.000     0.976        82
         bat      0.971     0.985     0.978        67
        bear      0.984     1.000     0.992       185
         bee      0.945     0.986     0.965       210
      beetle      0.982     0.986     0.984       217
       bison      0.994     0.989     0.991       176
   butterfly      0.953     0.988     0.970       244
       camel      1.000     1.000     1.000        55
    cardinal      0.986     1.000     0.993        70
         cat      0.991     0.981     0.986      2789
 caterpillar      0.986     0.997     0.991       291
   chameleon      0.976     1.000     0.988        41
  chimpanzee      0.972     1.000     0.986        35
      cicada      0.986     0.976     0.981       209
       clams      0.977     0.975     0.976       444
   cockroach      1.000     1.000     1.000        26
      corals      0.869     0.898     0.883       244
         cow      0.971     0.988     0.979       167
        crab      0.982     0.982     0.982       444
   crocodile      0.916     0.994     0.953       165
        crow      0.988     1.000     0.994       162
        deer      1.000     1.000     1.000        27
         dog      0.990     0.990     0.990      4012
     dolphin      0.911     0.932     0.921       453
   dragonfly      0.971     0.952     0.961       208
        duck      0.898     1.000     0.946       114
       eagle      0.991     0.991     0.991       115
         eel      0.938     0.956     0.947       459
    elephant      0.989     1.000     0.994        86
       finch      1.000     0.982     0.991       164
        fish      0.962     0.951     0.956      1015
    flamingo      1.000     1.000     1.000        48
         fly      0.932     1.000     0.965        41
         fox      0.958     1.000     0.978        91
        frog      0.845     0.938     0.889       128
       gecko      0.964     0.885     0.923        61
     giraffe      0.968     1.000     0.984        61
        goat      0.950     1.000     0.974        76
       goose      0.638     1.000     0.779        37
 grasshopper      0.962     0.991     0.976       227
   groundhog      0.985     1.000     0.992        64
        hare      1.000     1.000     1.000        33
       horse      0.973     1.000     0.986        72
      iguana      0.941     0.941     0.941       102
      jackal      0.877     1.000     0.934        57
   jellyfish      0.972     0.979     0.976       432
    kangaroo      0.985     1.000     0.993        67
       koala      0.988     1.000     0.994        79
     leopard      0.990     0.990     0.990        99
        lion      0.975     1.000     0.987        39
      lizard      0.809     0.902     0.853       122
     lobster      0.973     0.960     0.966       494
         man      0.979     0.958     0.968      3866
     manatee      0.972     0.986     0.979        71
    mongoose      0.954     1.000     0.976        62
        moth      0.980     0.948     0.964       212
       mouse      0.869     0.934     0.900       121
     octopus      0.943     0.974     0.959       427
       okapi      1.000     1.000     1.000        18
   orangutan      0.988     1.000     0.994        85
       otter      0.983     0.981     0.982       594
         owl      1.000     1.000     1.000        45
       panda      1.000     0.990     0.995        96
      parrot      0.939     1.000     0.968        46
     penguin      0.973     0.977     0.975       220
         pig      0.972     1.000     0.986        69
   porcupine      1.000     1.000     1.000        58
      possum      0.988     0.988     0.988        86
     puffers      0.967     0.957     0.962       674
         rat      0.938     0.915     0.926       199
  rhinoceros      0.984     0.984     0.984        61
       robin      0.977     0.992     0.984       128
  salamander      0.947     0.899     0.922        99
    scorpion      0.982     0.995     0.989       221
    sea_rays      0.945     0.959     0.952       393
 sea_urchins      0.978     0.991     0.984       316
    seahorse      0.973     0.973     0.973       401
        seal      0.968     0.975     0.972       595
     seaslug      0.933     0.970     0.951       100
       shark      0.951     0.951     0.951       740
       sheep      0.971     1.000     0.986        34
       shrew      0.925     0.945     0.935        91
      shrimp      0.962     0.981     0.971       411
       snail      1.000     1.000     1.000       208
       snake      0.998     0.992     0.995      3912
      spider      0.973     0.973     0.973       185
       squid      0.970     0.951     0.961       474
    squirrel      0.990     1.000     0.995        95
    starfish      0.985     0.973     0.979       483
sugar_glider      0.976     0.976     0.976        42
       tapir      0.971     1.000     0.985        67
       tiger      1.000     1.000     1.000        44
        toad      0.867     0.839     0.852        93
      turtle      0.998     0.959     0.978      3975
      vicuna      0.951     0.951     0.951        41
      walrus      0.974     1.000     0.987        74
      weasel      0.987     0.987     0.987        77
       whale      0.914     0.946     0.929       592
        wolf      0.909     0.930     0.920        43
       woman      0.923     0.964     0.943      2090
      wombat      0.968     0.984     0.976        61
  woodpecker      1.000     1.000     1.000        54
         yak      0.965     1.000     0.982        55
       zebra      0.985     0.985     0.985        67

    accuracy                          0.972     38932
   macro avg      0.962     0.978     0.970     38932
weighted avg      0.973     0.972     0.973     38932
