              precision    recall  f1-score   support

      alpaca      0.985     0.988     0.986       329
    anteater      1.000     0.980     0.990       299
   armadillo      0.992     0.989     0.991       376
      baboon      0.991     0.994     0.992       330
      badger      0.994     0.986     0.990       364
         bat      0.977     0.995     0.986       378
        bear      0.985     0.995     0.990       810
         bee      0.983     0.992     0.987      1110
      beetle      0.994     0.980     0.987      1060
       bison      0.978     0.995     0.987       777
   butterfly      0.983     0.997     0.990      1132
       camel      0.988     0.984     0.986       252
    cardinal      0.787     0.534     0.636       118
         cat      0.985     0.987     0.986      1186
   chameleon      0.965     0.914     0.939       210
  chimpanzee      0.988     1.000     0.994       168
      cicada      0.996     0.999     0.998      1000
       clams      0.960     0.911     0.935       497
   cockroach      0.982     0.991     0.986       110
      corals      0.898     0.912     0.905       500
         cow      0.981     0.981     0.981       807
        crab      0.974     0.998     0.986       559
   crocodile      0.981     0.979     0.980       757
        crow      0.988     0.981     0.984       161
        deer      0.994     0.971     0.982       170
         dog      0.993     0.993     0.993      1335
     dolphin      0.961     0.973     0.967      1278
   dragonfly      0.988     0.992     0.990      1060
        duck      0.981     0.994     0.987       618
       eagle      0.979     0.994     0.986       325
         eel      0.935     0.935     0.935       495
    elephant      0.998     1.000     0.999       432
       finch      0.722     0.955     0.823       267
        fish      0.919     0.921     0.920       686
    flamingo      0.996     0.996     0.996       242
         fly      0.981     0.981     0.981       160
         fox      0.981     0.983     0.982       535
        frog      0.891     0.920     0.905       614
       gecko      0.979     0.881     0.927       362
     giraffe      0.994     1.000     0.997       332
        goat      0.982     0.982     0.982       388
       goose      0.991     0.973     0.982       110
 grasshopper      0.986     0.992     0.989      1060
   groundhog      0.994     0.990     0.992       309
        hare      0.988     0.976     0.982       170
       horse      0.992     0.975     0.983       393
      iguana      0.948     0.929     0.938       533
      jackal      0.989     0.986     0.987       278
   jellyfish      0.981     0.995     0.988       955
    kangaroo      0.988     0.993     0.990       400
       koala      0.988     1.000     0.994       402
     leopard      0.996     1.000     0.998       485
        lion      1.000     1.000     1.000       155
      lizard      0.880     0.857     0.868       593
     lobster      0.974     0.941     0.957       558
     manatee      0.966     0.989     0.977       349
    mongoose      0.989     0.976     0.982       287
        moth      0.996     0.981     0.988      1092
       mouse      0.918     0.846     0.881       571
     octopus      0.959     0.960     0.959       700
       okapi      0.982     1.000     0.991       110
   orangutan      1.000     1.000     1.000       422
       otter      0.991     0.997     0.994       952
         owl      1.000     0.995     0.997       189
       panda      0.998     0.993     0.995       442
      parrot      0.996     0.988     0.992       243
     penguin      0.992     0.978     0.985       811
         pig      0.980     0.990     0.985       406
   porcupine      0.986     0.997     0.992       365
      possum      0.990     0.987     0.988       390
     puffers      0.923     0.958     0.941       528
         rat      0.885     0.949     0.916       811
  rhinoceros      0.992     1.000     0.996       366
       robin      0.914     0.495     0.642       107
  salamander      0.966     0.944     0.955       484
    scorpion      0.997     0.990     0.993      1050
    sea_rays      0.943     0.934     0.938       514
 sea_urchins      0.991     0.995     0.993       576
    seahorse      0.990     0.957     0.973       537
        seal      0.987     0.977     0.982      1155
     seaslug      0.970     0.962     0.966       500
       shark      0.965     0.921     0.942       711
       sheep      0.979     0.958     0.968       143
       shrew      0.986     0.960     0.973       521
      shrimp      0.948     0.932     0.940       486
       snail      1.000     1.000     1.000      1000
       snake      0.989     0.997     0.993      2922
      spider      0.985     0.994     0.990      1000
       squid      0.961     0.952     0.957       589
    squirrel      0.993     0.989     0.991       435
    starfish      0.989     0.998     0.994       558
sugar_glider      0.988     0.972     0.980       253
       tapir      0.994     0.994     0.994       352
       tiger      1.000     1.000     1.000       138
        toad      0.870     0.859     0.864       531
      turtle      0.987     0.987     0.987      2228
      vicuna      0.986     0.981     0.983       210
      walrus      0.984     0.997     0.991       315
      weasel      0.991     0.982     0.987       340
       whale      0.913     0.977     0.944      1027
      wombat      0.992     0.981     0.987       373
  woodpecker      0.994     1.000     0.997       307
         yak      0.980     0.957     0.968       253
       zebra      0.997     0.994     0.996       361

    accuracy                          0.974     58000
   macro avg      0.972     0.965     0.967     58000
weighted avg      0.974     0.974     0.973     58000
